p_nearby_leisure,p_nearby_food,p_nearby_shops,p_nearby_pickup,p_nearby_education,p_nearby_health
0.46153846153846156,0.08791208791208792,0.38461538461538464,0.01098901098901099,0.02197802197802198,0.03296703296703297
0.7272727272727273,0.045454545454545456,0.045454545454545456,0.0,0.045454545454545456,0.13636363636363635
0.37037037037037035,0.2777777777777778,0.18518518518518517,0.018518518518518517,0.05555555555555555,0.09259259259259259
0.358974358974359,0.2564102564102564,0.28205128205128205,0.0641025641025641,0.01282051282051282,0.02564102564102564
0.8,0.0,0.2,0.0,0.0,0.0
0.5,0.11764705882352941,0.22058823529411764,0.029411764705882353,0.07352941176470588,0.058823529411764705
0.20108695652173914,0.16847826086956522,0.16304347826086957,0.005434782608695652,0.42391304347826086,0.03804347826086957
0.3394495412844037,0.22935779816513763,0.3211009174311927,0.027522935779816515,0.027522935779816515,0.05504587155963303
0.23684210526315788,0.15789473684210525,0.4605263157894737,0.05263157894736842,0.07894736842105263,0.013157894736842105
0.3333333333333333,0.27450980392156865,0.2549019607843137,0.0784313725490196,0.0196078431372549,0.0392156862745098
0.2236842105263158,0.18421052631578946,0.39473684210526316,0.06578947368421052,0.02631578947368421,0.10526315789473684
0.40384615384615385,0.21153846153846154,0.19230769230769232,0.057692307692307696,0.038461538461538464,0.09615384615384616
0.45517241379310347,0.15172413793103448,0.3310344827586207,0.034482758620689655,0.013793103448275862,0.013793103448275862
0.45517241379310347,0.15172413793103448,0.3310344827586207,0.034482758620689655,0.013793103448275862,0.013793103448275862
0.2765957446808511,0.1276595744680851,0.3617021276595745,0.0851063829787234,0.06382978723404255,0.0851063829787234
0.48148148148148145,0.1111111111111111,0.18518518518518517,0.14814814814814814,0.037037037037037035,0.037037037037037035
0.325,0.2,0.25,0.1,0.075,0.05
0.2777777777777778,0.05555555555555555,0.5277777777777778,0.05555555555555555,0.027777777777777776,0.05555555555555555
0.4375,0.125,0.25,0.09375,0.0625,0.03125
0.3584905660377358,0.33962264150943394,0.1509433962264151,0.05660377358490566,0.03773584905660377,0.05660377358490566
0.3584905660377358,0.33962264150943394,0.1509433962264151,0.05660377358490566,0.03773584905660377,0.05660377358490566
0.43661971830985913,0.19718309859154928,0.22535211267605634,0.04225352112676056,0.04225352112676056,0.056338028169014086
0.3595505617977528,0.25842696629213485,0.21348314606741572,0.0449438202247191,0.02247191011235955,0.10112359550561797
0.325,0.2,0.25,0.1,0.075,0.05
0.38461538461538464,0.2923076923076923,0.15384615384615385,0.06153846153846154,0.06153846153846154,0.046153846153846156
0.6,0.06666666666666667,0.17777777777777778,0.06666666666666667,0.022222222222222223,0.06666666666666667
0.8,0.0,0.2,0.0,0.0,0.0
0.3114754098360656,0.22950819672131148,0.39344262295081966,0.01639344262295082,0.01639344262295082,0.03278688524590164
0.32,0.136,0.344,0.056,0.04,0.104
0.36666666666666664,0.3,0.1,0.16666666666666666,0.03333333333333333,0.03333333333333333
0.2727272727272727,0.2727272727272727,0.36363636363636365,0.0,0.09090909090909091,0.0
0.0,0.0,0.0,1.0,0.0,0.0
0.14285714285714285,0.2857142857142857,0.2857142857142857,0.19047619047619047,0.047619047619047616,0.047619047619047616
0.30434782608695654,0.10869565217391304,0.30434782608695654,0.13043478260869565,0.08695652173913043,0.06521739130434782
0.40540540540540543,0.24324324324324326,0.10810810810810811,0.10810810810810811,0.02702702702702703,0.10810810810810811
0.2,0.1,0.5,0.0,0.0,0.2
0.21739130434782608,0.2608695652173913,0.43478260869565216,0.043478260869565216,0.0,0.043478260869565216
0.2857142857142857,0.2857142857142857,0.35714285714285715,0.05714285714285714,0.0,0.014285714285714285
0.36666666666666664,0.3,0.1,0.16666666666666666,0.03333333333333333,0.03333333333333333
0.40384615384615385,0.21153846153846154,0.19230769230769232,0.057692307692307696,0.038461538461538464,0.09615384615384616
0.24050632911392406,0.20253164556962025,0.3670886075949367,0.08860759493670886,0.02531645569620253,0.0759493670886076
0.2972972972972973,0.2702702702702703,0.13513513513513514,0.1891891891891892,0.05405405405405406,0.05405405405405406
0.4067796610169492,0.13559322033898305,0.1694915254237288,0.0847457627118644,0.0847457627118644,0.11864406779661017
0.44680851063829785,0.02127659574468085,0.0425531914893617,0.02127659574468085,0.3191489361702128,0.14893617021276595
0.23979591836734693,0.16326530612244897,0.09693877551020408,0.015306122448979591,0.42857142857142855,0.05612244897959184
0.26262626262626265,0.16161616161616163,0.36363636363636365,0.0,0.1717171717171717,0.04040404040404041
0.75,0.25,0.0,0.0,0.0,0.0
0.75,0.25,0.0,0.0,0.0,0.0
0.20652173913043478,0.29347826086956524,0.40217391304347827,0.05434782608695652,0.010869565217391304,0.03260869565217391
0.2,0.0,0.4,0.0,0.0,0.4
0.5106382978723404,0.0851063829787234,0.06382978723404255,0.0425531914893617,0.06382978723404255,0.23404255319148937
0.32653061224489793,0.15306122448979592,0.37755102040816324,0.030612244897959183,0.030612244897959183,0.08163265306122448
0.14285714285714285,0.10714285714285714,0.7142857142857143,0.03571428571428571,0.0,0.0
0.1276595744680851,0.1276595744680851,0.723404255319149,0.0,0.0,0.02127659574468085
0.0,0.4444444444444444,0.3333333333333333,0.1111111111111111,0.0,0.1111111111111111
0.38461538461538464,0.18461538461538463,0.26153846153846155,0.046153846153846156,0.03076923076923077,0.09230769230769231
0.40384615384615385,0.21153846153846154,0.19230769230769232,0.057692307692307696,0.038461538461538464,0.09615384615384616
0.40384615384615385,0.21153846153846154,0.19230769230769232,0.057692307692307696,0.038461538461538464,0.09615384615384616
0.5473684210526316,0.1368421052631579,0.23157894736842105,0.042105263157894736,0.010526315789473684,0.031578947368421054
0.14285714285714285,0.7142857142857143,0.14285714285714285,0.0,0.0,0.0
0.35714285714285715,0.14285714285714285,0.21428571428571427,0.09523809523809523,0.023809523809523808,0.16666666666666666
0.35714285714285715,0.14285714285714285,0.21428571428571427,0.09523809523809523,0.023809523809523808,0.16666666666666666
0.35714285714285715,0.14285714285714285,0.21428571428571427,0.09523809523809523,0.023809523809523808,0.16666666666666666
0.40384615384615385,0.21153846153846154,0.19230769230769232,0.057692307692307696,0.038461538461538464,0.09615384615384616
0.14285714285714285,0.10714285714285714,0.7142857142857143,0.03571428571428571,0.0,0.0
0.40384615384615385,0.21153846153846154,0.19230769230769232,0.057692307692307696,0.038461538461538464,0.09615384615384616
0.32075471698113206,0.22641509433962265,0.3584905660377358,0.018867924528301886,0.07547169811320754,0.0
0.5416666666666666,0.08333333333333333,0.2916666666666667,0.041666666666666664,0.041666666666666664,0.0
0.2571428571428571,0.11428571428571428,0.4,0.05714285714285714,0.08571428571428572,0.08571428571428572
0.2222222222222222,0.2222222222222222,0.1111111111111111,0.1111111111111111,0.3333333333333333,0.0
0.0,0.0,0.0,1.0,0.0,0.0
0.5111111111111111,0.3,0.1111111111111111,0.0,0.03333333333333333,0.044444444444444446
0.15625,0.21875,0.28125,0.21875,0.0,0.125
0.4533333333333333,0.18666666666666668,0.18666666666666668,0.04,0.05333333333333334,0.08
0.25806451612903225,0.04838709677419355,0.3064516129032258,0.16129032258064516,0.08064516129032258,0.14516129032258066
0.16129032258064516,0.12903225806451613,0.5483870967741935,0.06451612903225806,0.0,0.0967741935483871
0.4411764705882353,0.08823529411764706,0.08823529411764706,0.14705882352941177,0.058823529411764705,0.17647058823529413
0.29411764705882354,0.18823529411764706,0.35294117647058826,0.03529411764705882,0.047058823529411764,0.08235294117647059
0.29411764705882354,0.18823529411764706,0.35294117647058826,0.03529411764705882,0.047058823529411764,0.08235294117647059
0.3902439024390244,0.14634146341463414,0.17073170731707318,0.04878048780487805,0.04878048780487805,0.1951219512195122
0.40384615384615385,0.21153846153846154,0.19230769230769232,0.057692307692307696,0.038461538461538464,0.09615384615384616
0.38095238095238093,0.2857142857142857,0.2857142857142857,0.047619047619047616,0.0,0.0
0.4,0.0,0.0,0.4,0.0,0.2
0.14285714285714285,0.42857142857142855,0.2857142857142857,0.14285714285714285,0.0,0.0
0.125,0.375,0.375,0.0,0.0,0.125
0.23404255319148937,0.14893617021276595,0.425531914893617,0.0851063829787234,0.06382978723404255,0.0425531914893617
0.23404255319148937,0.14893617021276595,0.425531914893617,0.0851063829787234,0.06382978723404255,0.0425531914893617
0.3076923076923077,0.3076923076923077,0.2692307692307692,0.07692307692307693,0.0,0.038461538461538464
0.5555555555555556,0.2222222222222222,0.05555555555555555,0.1111111111111111,0.05555555555555555,0.0
0.0,0.0,0.25,0.75,0.0,0.0
0.0,0.0,0.25,0.75,0.0,0.0
0.2571428571428571,0.11428571428571428,0.4,0.05714285714285714,0.08571428571428572,0.08571428571428572
0.2714285714285714,0.3142857142857143,0.22857142857142856,0.02857142857142857,0.07142857142857142,0.08571428571428572
1.0,0.0,0.0,0.0,0.0,0.0
0.0,0.0,0.0,1.0,0.0,0.0
0.3939393939393939,0.10606060606060606,0.4090909090909091,0.015151515151515152,0.06060606060606061,0.015151515151515152
0.4642857142857143,0.03571428571428571,0.07142857142857142,0.17857142857142858,0.07142857142857142,0.17857142857142858
0.08333333333333333,0.25,0.4166666666666667,0.16666666666666666,0.0,0.08333333333333333
0.0,0.2,0.8,0.0,0.0,0.0
0.4722222222222222,0.1388888888888889,0.16666666666666666,0.05555555555555555,0.08333333333333333,0.08333333333333333
0.3235294117647059,0.2647058823529412,0.23529411764705882,0.029411764705882353,0.14705882352941177,0.0
0.3235294117647059,0.2647058823529412,0.23529411764705882,0.029411764705882353,0.14705882352941177,0.0
0.20652173913043478,0.29347826086956524,0.40217391304347827,0.05434782608695652,0.010869565217391304,0.03260869565217391
0.0,0.03333333333333333,0.9333333333333333,0.03333333333333333,0.0,0.0
0.0,0.03333333333333333,0.9333333333333333,0.03333333333333333,0.0,0.0
0.2727272727272727,0.42424242424242425,0.18181818181818182,0.06060606060606061,0.0,0.06060606060606061
0.7272727272727273,0.045454545454545456,0.045454545454545456,0.0,0.045454545454545456,0.13636363636363635
0.25,0.125,0.375,0.25,0.0,0.0
0.6666666666666666,0.05555555555555555,0.0,0.16666666666666666,0.05555555555555555,0.05555555555555555
0.25,0.0,0.25,0.5,0.0,0.0
0.28,0.12,0.32,0.24,0.0,0.04
1.0,0.0,0.0,0.0,0.0,0.0
0.5,0.21428571428571427,0.14285714285714285,0.0,0.07142857142857142,0.07142857142857142
0.1875,0.2604166666666667,0.4895833333333333,0.020833333333333332,0.010416666666666666,0.03125
0.40384615384615385,0.21153846153846154,0.19230769230769232,0.057692307692307696,0.038461538461538464,0.09615384615384616
0.40384615384615385,0.21153846153846154,0.19230769230769232,0.057692307692307696,0.038461538461538464,0.09615384615384616
0.40384615384615385,0.21153846153846154,0.19230769230769232,0.057692307692307696,0.038461538461538464,0.09615384615384616
0.5473684210526316,0.1368421052631579,0.23157894736842105,0.042105263157894736,0.010526315789473684,0.031578947368421054
0.2,0.6,0.1,0.0,0.0,0.1
0.14814814814814814,0.3888888888888889,0.14814814814814814,0.0,0.037037037037037035,0.2777777777777778
0.375,0.0,0.125,0.125,0.375,0.0
0.32142857142857145,0.14285714285714285,0.14285714285714285,0.21428571428571427,0.0,0.17857142857142858
0.38333333333333336,0.21666666666666667,0.13333333333333333,0.016666666666666666,0.13333333333333333,0.11666666666666667
0.4166666666666667,0.0,0.0,0.0,0.5,0.08333333333333333
0.4166666666666667,0.0,0.0,0.0,0.5,0.08333333333333333
1.0,0.0,0.0,0.0,0.0,0.0
0.0,0.2857142857142857,0.5714285714285714,0.14285714285714285,0.0,0.0
0.4,0.34285714285714286,0.05714285714285714,0.0,0.08571428571428572,0.11428571428571428
0.4,0.34285714285714286,0.05714285714285714,0.0,0.08571428571428572,0.11428571428571428
0.375,0.125,0.40625,0.0625,0.0,0.03125
0.16666666666666666,0.2222222222222222,0.4444444444444444,0.05555555555555555,0.05555555555555555,0.05555555555555555
0.045454545454545456,0.18181818181818182,0.6363636363636364,0.045454545454545456,0.0,0.09090909090909091
0.4,0.2,0.26666666666666666,0.06666666666666667,0.0,0.06666666666666667
0.23529411764705882,0.23529411764705882,0.4117647058823529,0.0,0.0,0.11764705882352941
0.6470588235294118,0.029411764705882353,0.17647058823529413,0.08823529411764706,0.058823529411764705,0.0
0.37333333333333335,0.14666666666666667,0.29333333333333333,0.04,0.10666666666666667,0.04
0.25,0.25,0.0,0.25,0.0,0.25
0.24,0.24,0.34,0.07,0.07,0.04
0.15789473684210525,0.15789473684210525,0.47368421052631576,0.10526315789473684,0.05263157894736842,0.05263157894736842
0.38,0.16,0.38,0.02,0.0,0.06
0.3333333333333333,0.19047619047619047,0.40476190476190477,0.023809523809523808,0.047619047619047616,0.0
0.3888888888888889,0.14814814814814814,0.12962962962962962,0.14814814814814814,0.037037037037037035,0.14814814814814814
0.17391304347826086,0.30434782608695654,0.13043478260869565,0.13043478260869565,0.043478260869565216,0.21739130434782608
0.38461538461538464,0.07692307692307693,0.38461538461538464,0.07692307692307693,0.0,0.07692307692307693
0.25,0.3333333333333333,0.25,0.0,0.08333333333333333,0.08333333333333333
0.25,0.5,0.0,0.0,0.0,0.25
0.25,0.5,0.0,0.0,0.0,0.25
1.0,0.0,0.0,0.0,0.0,0.0
0.2,0.4,0.25,0.1,0.05,0.0
0.6153846153846154,0.15384615384615385,0.15384615384615385,0.0,0.07692307692307693,0.0
0.4166666666666667,0.25,0.25,0.0,0.08333333333333333,0.0
0.0,0.1,0.9,0.0,0.0,0.0
0.2441860465116279,0.26744186046511625,0.32558139534883723,0.05813953488372093,0.03488372093023256,0.06976744186046512
0.2413793103448276,0.10344827586206896,0.1724137931034483,0.034482758620689655,0.1724137931034483,0.27586206896551724
0.2631578947368421,0.2982456140350877,0.17543859649122806,0.07017543859649122,0.08771929824561403,0.10526315789473684
0.09693877551020408,0.015306122448979591,0.02040816326530612,0.015306122448979591,0.8316326530612245,0.02040816326530612
0.0,0.2857142857142857,0.5714285714285714,0.14285714285714285,0.0,0.0
0.1,0.2,0.3,0.3,0.0,0.1
0.6666666666666666,0.0,0.0,0.0,0.0,0.3333333333333333
0.4090909090909091,0.18181818181818182,0.20454545454545456,0.022727272727272728,0.045454545454545456,0.13636363636363635
0.0,0.0,1.0,0.0,0.0,0.0
0.6,0.0,0.0,0.0,0.2,0.2
0.4,0.6,0.0,0.0,0.0,0.0
0.3333333333333333,0.3333333333333333,0.0,0.0,0.0,0.3333333333333333
0.225,0.2375,0.1875,0.025,0.2625,0.0625
0.14285714285714285,0.2857142857142857,0.42857142857142855,0.14285714285714285,0.0,0.0
0.3076923076923077,0.3076923076923077,0.2692307692307692,0.07692307692307693,0.0,0.038461538461538464
0.14285714285714285,0.42857142857142855,0.14285714285714285,0.0,0.0,0.2857142857142857
0.1724137931034483,0.034482758620689655,0.0,0.1896551724137931,0.5172413793103449,0.08620689655172414
0.192,0.32,0.2,0.056,0.176,0.056
0.5,0.16666666666666666,0.0,0.0,0.0,0.3333333333333333
0.25,0.25,0.0,0.5,0.0,0.0
0.4,0.3,0.0,0.1,0.2,0.0
0.0,0.5,0.5,0.0,0.0,0.0
0.1111111111111111,0.2222222222222222,0.5,0.1111111111111111,0.0,0.05555555555555555
0.6363636363636364,0.22727272727272727,0.06060606060606061,0.045454545454545456,0.0,0.030303030303030304
0.5714285714285714,0.0,0.21428571428571427,0.14285714285714285,0.0,0.07142857142857142
0.2857142857142857,0.2597402597402597,0.19480519480519481,0.03896103896103896,0.16883116883116883,0.05194805194805195
0.2631578947368421,0.21052631578947367,0.3684210526315789,0.05263157894736842,0.0,0.10526315789473684
1.0,0.0,0.0,0.0,0.0,0.0
0.125,0.08333333333333333,0.4583333333333333,0.125,0.08333333333333333,0.125
0.45918367346938777,0.1326530612244898,0.09183673469387756,0.02040816326530612,0.24489795918367346,0.05102040816326531
0.16455696202531644,0.31645569620253167,0.4810126582278481,0.012658227848101266,0.02531645569620253,0.0
0.47368421052631576,0.15789473684210525,0.19298245614035087,0.03508771929824561,0.03508771929824561,0.10526315789473684
0.2857142857142857,0.2857142857142857,0.0,0.42857142857142855,0.0,0.0
0.3,0.1,0.1,0.3,0.2,0.0
0.3,0.1,0.1,0.3,0.2,0.0
0.3129251700680272,0.2108843537414966,0.3197278911564626,0.027210884353741496,0.034013605442176874,0.09523809523809523
1.0,0.0,0.0,0.0,0.0,0.0
0.5,0.047619047619047616,0.21428571428571427,0.023809523809523808,0.023809523809523808,0.19047619047619047
0.0,0.1,0.8,0.0,0.0,0.1
0.2542372881355932,0.2711864406779661,0.15254237288135594,0.03389830508474576,0.2033898305084746,0.0847457627118644
0.2857142857142857,0.42857142857142855,0.0,0.0,0.0,0.2857142857142857
0.38461538461538464,0.18461538461538463,0.26153846153846155,0.046153846153846156,0.03076923076923077,0.09230769230769231
0.25,0.25,0.39285714285714285,0.03571428571428571,0.03571428571428571,0.03571428571428571
0.1111111111111111,0.15873015873015872,0.06349206349206349,0.015873015873015872,0.6190476190476191,0.031746031746031744
0.45454545454545453,0.09090909090909091,0.18181818181818182,0.18181818181818182,0.09090909090909091,0.0
0.6,0.4,0.0,0.0,0.0,0.0
0.5084745762711864,0.06779661016949153,0.3220338983050847,0.0,0.03389830508474576,0.06779661016949153
0.5084745762711864,0.06779661016949153,0.3220338983050847,0.0,0.03389830508474576,0.06779661016949153
0.1891891891891892,0.1891891891891892,0.3918918918918919,0.06756756756756757,0.04054054054054054,0.12162162162162163
0.21428571428571427,0.14285714285714285,0.2857142857142857,0.0,0.0,0.35714285714285715
0.0,0.2857142857142857,0.6785714285714286,0.0,0.03571428571428571,0.0
0.5,0.14285714285714285,0.07142857142857142,0.07142857142857142,0.21428571428571427,0.0
0.3564356435643564,0.3069306930693069,0.25742574257425743,0.0297029702970297,0.039603960396039604,0.009900990099009901
0.3564356435643564,0.3069306930693069,0.25742574257425743,0.0297029702970297,0.039603960396039604,0.009900990099009901
0.05405405405405406,0.0,0.013513513513513514,0.0,0.9324324324324325,0.0
0.4774193548387097,0.11935483870967742,0.12258064516129032,0.01935483870967742,0.24838709677419354,0.012903225806451613
0.22727272727272727,0.09090909090909091,0.6363636363636364,0.045454545454545456,0.0,0.0
0.22727272727272727,0.09090909090909091,0.6363636363636364,0.045454545454545456,0.0,0.0
0.0,0.6666666666666666,0.0,0.3333333333333333,0.0,0.0
0.36363636363636365,0.2727272727272727,0.0,0.18181818181818182,0.18181818181818182,0.0
0.3333333333333333,0.05128205128205128,0.4358974358974359,0.07692307692307693,0.0,0.10256410256410256
0.6666666666666666,0.0,0.0,0.0,0.3333333333333333,0.0
1.0,0.0,0.0,0.0,0.0,0.0
0.0,0.0,1.0,0.0,0.0,0.0
0.2857142857142857,0.047619047619047616,0.23809523809523808,0.2857142857142857,0.09523809523809523,0.047619047619047616
0.07692307692307693,0.15384615384615385,0.7307692307692307,0.0,0.0,0.038461538461538464
0.75,0.25,0.0,0.0,0.0,0.0
0.75,0.25,0.0,0.0,0.0,0.0
0.19480519480519481,0.18181818181818182,0.05194805194805195,0.012987012987012988,0.5454545454545454,0.012987012987012988
0.16666666666666666,0.6666666666666666,0.16666666666666666,0.0,0.0,0.0
0.0,0.0,0.0,0.5,0.25,0.25
0.0,0.0,0.0,0.5,0.25,0.25
0.0,0.0,1.0,0.0,0.0,0.0
0.5,0.05555555555555555,0.05555555555555555,0.2222222222222222,0.05555555555555555,0.1111111111111111
0.24324324324324326,0.08108108108108109,0.24324324324324326,0.2702702702702703,0.02702702702702703,0.13513513513513514
0.0,0.0,0.0,0.5,0.0,0.5
0.16666666666666666,0.16666666666666666,0.5,0.027777777777777776,0.027777777777777776,0.1111111111111111
0.2605042016806723,0.20168067226890757,0.35294117647058826,0.008403361344537815,0.08403361344537816,0.09243697478991597
0.3333333333333333,0.0,0.3333333333333333,0.0,0.0,0.3333333333333333
0.32608695652173914,0.21014492753623187,0.2898550724637681,0.036231884057971016,0.036231884057971016,0.10144927536231885
0.6,0.2,0.0,0.2,0.0,0.0
0.42857142857142855,0.14285714285714285,0.07142857142857142,0.14285714285714285,0.21428571428571427,0.0
0.25,0.0,0.0,0.0,0.25,0.5
0.4666666666666667,0.13333333333333333,0.06666666666666667,0.13333333333333333,0.2,0.0
0.5,0.0,0.0,0.0,0.0,0.5
0.45098039215686275,0.13725490196078433,0.3137254901960784,0.0392156862745098,0.058823529411764705,0.0
0.15,0.15,0.45,0.1,0.0,0.15
1.0,0.0,0.0,0.0,0.0,0.0
0.0,0.2,0.6,0.2,0.0,0.0
0.15492957746478872,0.11267605633802817,0.30985915492957744,0.18309859154929578,0.23943661971830985,0.0
0.5333333333333333,0.06666666666666667,0.26666666666666666,0.0,0.06666666666666667,0.06666666666666667
0.26540284360189575,0.17535545023696683,0.20853080568720378,0.05687203791469194,0.24170616113744076,0.052132701421800945
0.0,1.0,0.0,0.0,0.0,0.0
0.21739130434782608,0.17391304347826086,0.34782608695652173,0.13043478260869565,0.0,0.13043478260869565
0.3333333333333333,0.047619047619047616,0.23809523809523808,0.23809523809523808,0.047619047619047616,0.09523809523809523
0.4,0.06666666666666667,0.2,0.2,0.06666666666666667,0.06666666666666667
0.2,0.3,0.2,0.1,0.1,0.1
0.5,0.25,0.0,0.25,0.0,0.0
0.40384615384615385,0.22115384615384615,0.20192307692307693,0.038461538461538464,0.057692307692307696,0.07692307692307693
0.2857142857142857,0.0,0.2857142857142857,0.0,0.0,0.42857142857142855
0.14285714285714285,0.14285714285714285,0.35714285714285715,0.35714285714285715,0.0,0.0
0.34375,0.15625,0.21875,0.1875,0.03125,0.0625
0.11764705882352941,0.058823529411764705,0.11764705882352941,0.0,0.4117647058823529,0.29411764705882354
0.3181818181818182,0.36363636363636365,0.13636363636363635,0.09090909090909091,0.045454545454545456,0.045454545454545456
0.3181818181818182,0.36363636363636365,0.13636363636363635,0.09090909090909091,0.045454545454545456,0.045454545454545456
0.4166666666666667,0.3333333333333333,0.16666666666666666,0.0,0.0,0.08333333333333333
0.42857142857142855,0.0,0.2857142857142857,0.2857142857142857,0.0,0.0
0.2571428571428571,0.17142857142857143,0.17142857142857143,0.02857142857142857,0.11428571428571428,0.2571428571428571
0.0,0.0,0.0,1.0,0.0,0.0
0.42857142857142855,0.11428571428571428,0.34285714285714286,0.02857142857142857,0.02857142857142857,0.05714285714285714
0.35714285714285715,0.2857142857142857,0.21428571428571427,0.14285714285714285,0.0,0.0
0.3225806451612903,0.12903225806451613,0.3870967741935484,0.06451612903225806,0.0,0.0967741935483871
0.3225806451612903,0.12903225806451613,0.3870967741935484,0.06451612903225806,0.0,0.0967741935483871
0.225,0.2375,0.1875,0.025,0.2625,0.0625
0.07142857142857142,0.14285714285714285,0.5357142857142857,0.10714285714285714,0.0,0.14285714285714285
0.0,0.0,0.0,0.0,0.0,0.0
0.27450980392156865,0.21568627450980393,0.3333333333333333,0.0392156862745098,0.0784313725490196,0.058823529411764705
0.14285714285714285,0.2857142857142857,0.42857142857142855,0.14285714285714285,0.0,0.0
0.0,0.0,0.0,0.0,0.0,1.0
0.0,0.0,0.6,0.2,0.2,0.0
0.16666666666666666,0.0,0.5,0.16666666666666666,0.0,0.16666666666666666
0.208955223880597,0.2537313432835821,0.3582089552238806,0.05970149253731343,0.04477611940298507,0.07462686567164178
0.14285714285714285,0.21428571428571427,0.07142857142857142,0.35714285714285715,0.14285714285714285,0.07142857142857142
0.40540540540540543,0.11711711711711711,0.2972972972972973,0.06306306306306306,0.036036036036036036,0.08108108108108109
0.0,0.0,0.0,0.0,0.0,0.0
0.2857142857142857,0.21428571428571427,0.35714285714285715,0.0,0.14285714285714285,0.0
0.4,0.10909090909090909,0.23636363636363636,0.05454545454545454,0.05454545454545454,0.14545454545454545
0.8,0.2,0.0,0.0,0.0,0.0
0.0,0.3333333333333333,0.6666666666666666,0.0,0.0,0.0
0.19444444444444445,0.08333333333333333,0.5277777777777778,0.16666666666666666,0.0,0.027777777777777776
0.52,0.2,0.16,0.0,0.0,0.12
1.0,0.0,0.0,0.0,0.0,0.0
0.5,0.0,0.5,0.0,0.0,0.0
0.3,0.2,0.25,0.05,0.2,0.0
0.29411764705882354,0.0,0.11764705882352941,0.0,0.5294117647058824,0.058823529411764705
0.0,0.0,0.0,0.0,0.0,1.0
0.5882352941176471,0.058823529411764705,0.17647058823529413,0.0,0.11764705882352941,0.058823529411764705
0.25,0.25,0.25,0.125,0.0,0.125
0.0,0.0,0.0,0.5,0.5,0.0
0.0,0.0,0.0,0.5,0.5,0.0
0.23333333333333334,0.25,0.21666666666666667,0.016666666666666666,0.18333333333333332,0.1
0.3372093023255814,0.2441860465116279,0.313953488372093,0.023255813953488372,0.03488372093023256,0.046511627906976744
0.3372093023255814,0.2441860465116279,0.313953488372093,0.023255813953488372,0.03488372093023256,0.046511627906976744
0.4126984126984127,0.2698412698412698,0.2222222222222222,0.047619047619047616,0.015873015873015872,0.031746031746031744
0.3090909090909091,0.23636363636363636,0.2727272727272727,0.09090909090909091,0.01818181818181818,0.07272727272727272
0.25,0.08333333333333333,0.2777777777777778,0.19444444444444445,0.1111111111111111,0.08333333333333333
1.0,0.0,0.0,0.0,0.0,0.0
1.0,0.0,0.0,0.0,0.0,0.0
0.33783783783783783,0.2702702702702703,0.16216216216216217,0.04054054054054054,0.14864864864864866,0.04054054054054054
0.33783783783783783,0.2702702702702703,0.16216216216216217,0.04054054054054054,0.14864864864864866,0.04054054054054054
0.2,0.08571428571428572,0.5142857142857142,0.14285714285714285,0.02857142857142857,0.02857142857142857
0.42857142857142855,0.11428571428571428,0.14285714285714285,0.02857142857142857,0.08571428571428572,0.2
0.18461538461538463,0.3076923076923077,0.4,0.03076923076923077,0.015384615384615385,0.06153846153846154
0.14720812182741116,0.2131979695431472,0.14720812182741116,0.025380710659898477,0.4213197969543147,0.04568527918781726
0.0,0.0,0.875,0.125,0.0,0.0
0.21739130434782608,0.13043478260869565,0.4782608695652174,0.08695652173913043,0.043478260869565216,0.043478260869565216
0.72,0.04,0.04,0.1,0.04,0.06
0.25,0.25,0.375,0.125,0.0,0.0
0.11320754716981132,0.12578616352201258,0.16352201257861634,0.03773584905660377,0.5345911949685535,0.025157232704402517
0.0,0.75,0.0,0.0,0.0,0.25
0.2,0.4,0.2,0.2,0.0,0.0
0.0,1.0,0.0,0.0,0.0,0.0
0.4444444444444444,0.1111111111111111,0.2,0.1111111111111111,0.08888888888888889,0.044444444444444446
0.3870967741935484,0.1935483870967742,0.16129032258064516,0.03225806451612903,0.0967741935483871,0.12903225806451613
0.21875,0.09375,0.21875,0.0,0.125,0.34375
0.5,0.25,0.25,0.0,0.0,0.0
0.6507936507936508,0.1746031746031746,0.047619047619047616,0.031746031746031744,0.07936507936507936,0.015873015873015872
0.6206896551724138,0.10344827586206896,0.06896551724137931,0.10344827586206896,0.10344827586206896,0.0
0.3177570093457944,0.308411214953271,0.21495327102803738,0.04672897196261682,0.018691588785046728,0.09345794392523364
0.25,0.0,0.75,0.0,0.0,0.0
0.4032258064516129,0.08064516129032258,0.43548387096774194,0.016129032258064516,0.04838709677419355,0.016129032258064516
0.26666666666666666,0.16666666666666666,0.2,0.03333333333333333,0.03333333333333333,0.3
0.07142857142857142,0.14285714285714285,0.5357142857142857,0.10714285714285714,0.0,0.14285714285714285
0.28,0.32,0.32,0.0,0.04,0.04
0.36363636363636365,0.09090909090909091,0.5454545454545454,0.0,0.0,0.0
0.3333333333333333,0.1111111111111111,0.2222222222222222,0.1111111111111111,0.0,0.2222222222222222
0.8,0.2,0.0,0.0,0.0,0.0
0.8,0.2,0.0,0.0,0.0,0.0
0.3333333333333333,0.0,0.0,0.6666666666666666,0.0,0.0
1.0,0.0,0.0,0.0,0.0,0.0
0.2,0.8,0.0,0.0,0.0,0.0
0.5,0.1,0.06666666666666667,0.1,0.0,0.23333333333333334
0.0,0.0,0.0,0.0,0.0,1.0
0.0,0.0,1.0,0.0,0.0,0.0
0.0,0.0,1.0,0.0,0.0,0.0
0.48148148148148145,0.1111111111111111,0.18518518518518517,0.14814814814814814,0.037037037037037035,0.037037037037037035
0.43333333333333335,0.26666666666666666,0.06666666666666667,0.0,0.1,0.13333333333333333
0.0,0.0,0.0,1.0,0.0,0.0
0.0,0.0,0.0,1.0,0.0,0.0
0.2727272727272727,0.09659090909090909,0.11363636363636363,0.022727272727272728,0.4744318181818182,0.019886363636363636
0.5,0.5,0.0,0.0,0.0,0.0
0.4090909090909091,0.36363636363636365,0.12121212121212122,0.030303030303030304,0.030303030303030304,0.045454545454545456
0.4166666666666667,0.3333333333333333,0.16666666666666666,0.08333333333333333,0.0,0.0
0.0,1.0,0.0,0.0,0.0,0.0
0.043478260869565216,0.08695652173913043,0.8478260869565217,0.0,0.0,0.021739130434782608
0.0,0.0,0.3333333333333333,0.3333333333333333,0.3333333333333333,0.0
0.3793103448275862,0.1724137931034483,0.2413793103448276,0.13793103448275862,0.034482758620689655,0.034482758620689655
0.5384615384615384,0.15384615384615385,0.23076923076923078,0.07692307692307693,0.0,0.0
0.35714285714285715,0.07142857142857142,0.35714285714285715,0.0,0.07142857142857142,0.14285714285714285
0.06779661016949153,0.1694915254237288,0.6779661016949152,0.01694915254237288,0.0,0.06779661016949153
0.16666666666666666,0.0,0.8333333333333334,0.0,0.0,0.0
0.16666666666666666,0.0,0.8333333333333334,0.0,0.0,0.0
0.3181818181818182,0.045454545454545456,0.5909090909090909,0.045454545454545456,0.0,0.0
0.56,0.12,0.04,0.08,0.0,0.2
0.375,0.125,0.375,0.0,0.0,0.125
0.0,0.0,0.8571428571428571,0.0,0.0,0.14285714285714285
0.34035087719298246,0.12280701754385964,0.11228070175438597,0.0035087719298245615,0.4105263157894737,0.010526315789473684
0.6666666666666666,0.3333333333333333,0.0,0.0,0.0,0.0
0.375,0.03125,0.34375,0.15625,0.0,0.09375
0.4444444444444444,0.0,0.1111111111111111,0.1111111111111111,0.2222222222222222,0.1111111111111111
0.46153846153846156,0.15384615384615385,0.23076923076923078,0.15384615384615385,0.0,0.0
0.0,0.0,1.0,0.0,0.0,0.0
0.2992125984251969,0.23622047244094488,0.28346456692913385,0.05511811023622047,0.047244094488188976,0.07874015748031496
0.15789473684210525,0.21052631578947367,0.21052631578947367,0.2894736842105263,0.02631578947368421,0.10526315789473684
0.35714285714285715,0.2857142857142857,0.21428571428571427,0.0,0.14285714285714285,0.0
0.16666666666666666,0.5,0.16666666666666666,0.08333333333333333,0.0,0.08333333333333333
0.352112676056338,0.22535211267605634,0.1267605633802817,0.014084507042253521,0.19718309859154928,0.08450704225352113
0.16666666666666666,0.16666666666666666,0.3333333333333333,0.16666666666666666,0.16666666666666666,0.0
0.16,0.04,0.04,0.1,0.52,0.14
0.0,0.0,0.0,0.5,0.0,0.5
0.0,0.0,0.0,0.5,0.0,0.5
0.14285714285714285,0.21428571428571427,0.07142857142857142,0.35714285714285715,0.14285714285714285,0.07142857142857142
0.3,0.12,0.3,0.08,0.02,0.18
0.0,1.0,0.0,0.0,0.0,0.0
0.5,0.0,0.0,0.5,0.0,0.0
0.0625,0.020833333333333332,0.0,0.041666666666666664,0.8333333333333334,0.041666666666666664
0.2222222222222222,0.07407407407407407,0.2777777777777778,0.0,0.4074074074074074,0.018518518518518517
0.0,0.0,0.0,1.0,0.0,0.0
0.42857142857142855,0.14285714285714285,0.07142857142857142,0.14285714285714285,0.21428571428571427,0.0
0.1282051282051282,0.15384615384615385,0.358974358974359,0.1794871794871795,0.10256410256410256,0.07692307692307693
1.0,0.0,0.0,0.0,0.0,0.0
1.0,0.0,0.0,0.0,0.0,0.0
0.25,0.5,0.25,0.0,0.0,0.0
0.5,0.5,0.0,0.0,0.0,0.0
0.5,0.5,0.0,0.0,0.0,0.0
0.21739130434782608,0.17391304347826086,0.34782608695652173,0.13043478260869565,0.0,0.13043478260869565
0.6222222222222222,0.13333333333333333,0.044444444444444446,0.022222222222222223,0.06666666666666667,0.1111111111111111
0.6666666666666666,0.0,0.0,0.0,0.0,0.3333333333333333
0.4230769230769231,0.07692307692307693,0.19230769230769232,0.11538461538461539,0.0,0.19230769230769232
0.125,0.0625,0.8125,0.0,0.0,0.0
0.0,0.0,0.0,0.0,0.0,0.0
0.8,0.0,0.1,0.0,0.0,0.1
0.5,0.25,0.125,0.125,0.0,0.0
0.40594059405940597,0.16831683168316833,0.2376237623762376,0.07920792079207921,0.0297029702970297,0.07920792079207921
0.2804878048780488,0.2682926829268293,0.2926829268292683,0.10975609756097561,0.024390243902439025,0.024390243902439025
0.16666666666666666,0.6666666666666666,0.0,0.0,0.0,0.16666666666666666
0.36538461538461536,0.09615384615384616,0.28846153846153844,0.07692307692307693,0.038461538461538464,0.1346153846153846
0.5,0.0,0.5,0.0,0.0,0.0
0.4691358024691358,0.19753086419753085,0.2777777777777778,0.018518518518518517,0.012345679012345678,0.024691358024691357
0.2,0.2,0.4,0.0,0.2,0.0
0.23529411764705882,0.0,0.0,0.29411764705882354,0.47058823529411764,0.0
0.175,0.0,0.05,0.025,0.725,0.025
0.6153846153846154,0.07692307692307693,0.15384615384615385,0.07692307692307693,0.07692307692307693,0.0
0.325,0.225,0.225,0.05,0.075,0.1
0.38028169014084506,0.2535211267605634,0.19718309859154928,0.056338028169014086,0.04225352112676056,0.07042253521126761
0.47058823529411764,0.19117647058823528,0.19117647058823528,0.07352941176470588,0.029411764705882353,0.04411764705882353
0.10526315789473684,0.0,0.05263157894736842,0.0,0.8421052631578947,0.0
0.0,1.0,0.0,0.0,0.0,0.0
0.3582089552238806,0.2835820895522388,0.208955223880597,0.1044776119402985,0.014925373134328358,0.029850746268656716
0.4090909090909091,0.18181818181818182,0.21212121212121213,0.030303030303030304,0.045454545454545456,0.12121212121212122
0.32,0.16,0.32,0.08,0.0,0.12
1.0,0.0,0.0,0.0,0.0,0.0
0.6470588235294118,0.0,0.23529411764705882,0.058823529411764705,0.058823529411764705,0.0
0.09090909090909091,0.36363636363636365,0.18181818181818182,0.09090909090909091,0.09090909090909091,0.18181818181818182
0.0,0.0,0.5,0.5,0.0,0.0
0.3333333333333333,0.16666666666666666,0.0,0.0,0.5,0.0
0.5238095238095238,0.1523809523809524,0.12380952380952381,0.02857142857142857,0.11428571428571428,0.05714285714285714
0.13333333333333333,0.13333333333333333,0.4,0.13333333333333333,0.06666666666666667,0.13333333333333333
0.43661971830985913,0.19718309859154928,0.22535211267605634,0.04225352112676056,0.04225352112676056,0.056338028169014086
0.43661971830985913,0.19718309859154928,0.22535211267605634,0.04225352112676056,0.04225352112676056,0.056338028169014086
0.12,0.24,0.6,0.04,0.0,0.0
0.6129032258064516,0.0,0.1935483870967742,0.03225806451612903,0.03225806451612903,0.12903225806451613
0.28,0.0,0.12,0.08,0.48,0.04
0.3090909090909091,0.23636363636363636,0.2727272727272727,0.09090909090909091,0.01818181818181818,0.07272727272727272
0.3333333333333333,0.3333333333333333,0.3333333333333333,0.0,0.0,0.0
0.3333333333333333,0.3333333333333333,0.0,0.3333333333333333,0.0,0.0
0.13432835820895522,0.13432835820895522,0.44776119402985076,0.04477611940298507,0.11940298507462686,0.11940298507462686
0.6206896551724138,0.10344827586206896,0.06896551724137931,0.10344827586206896,0.10344827586206896,0.0
0.6206896551724138,0.10344827586206896,0.06896551724137931,0.10344827586206896,0.10344827586206896,0.0
0.48717948717948717,0.07692307692307693,0.1794871794871795,0.05128205128205128,0.20512820512820512,0.0
0.422680412371134,0.23711340206185566,0.26804123711340205,0.030927835051546393,0.030927835051546393,0.010309278350515464
0.3,0.4,0.2,0.1,0.0,0.0
0.2903225806451613,0.22580645161290322,0.22580645161290322,0.16129032258064516,0.0,0.0967741935483871
0.15789473684210525,0.42105263157894735,0.15789473684210525,0.05263157894736842,0.21052631578947367,0.0
0.17543859649122806,0.03508771929824561,0.0,0.19298245614035087,0.5087719298245614,0.08771929824561403
0.2857142857142857,0.2857142857142857,0.07142857142857142,0.0,0.2857142857142857,0.07142857142857142
0.22727272727272727,0.07575757575757576,0.25757575757575757,0.07575757575757576,0.2727272727272727,0.09090909090909091
0.22727272727272727,0.07575757575757576,0.25757575757575757,0.07575757575757576,0.2727272727272727,0.09090909090909091
0.3333333333333333,0.0,0.0,0.0,0.0,0.6666666666666666
0.4788732394366197,0.16901408450704225,0.22535211267605634,0.04225352112676056,0.014084507042253521,0.07042253521126761
0.5757575757575758,0.10606060606060606,0.22727272727272727,0.015151515151515152,0.030303030303030304,0.045454545454545456
0.39285714285714285,0.10714285714285714,0.07142857142857142,0.0,0.42857142857142855,0.0
0.3888888888888889,0.2777777777777778,0.2222222222222222,0.05555555555555555,0.0,0.05555555555555555
0.3563218390804598,0.1724137931034483,0.3333333333333333,0.034482758620689655,0.022988505747126436,0.08045977011494253
0.42105263157894735,0.21052631578947367,0.21052631578947367,0.10526315789473684,0.0,0.05263157894736842
0.0,0.0,0.0,0.0,0.75,0.25
0.5,0.23529411764705882,0.058823529411764705,0.0,0.08823529411764706,0.11764705882352941
0.25190839694656486,0.030534351145038167,0.022900763358778626,0.07633587786259542,0.46564885496183206,0.15267175572519084
0.015625,0.0625,0.90625,0.015625,0.0,0.0
0.4838709677419355,0.03225806451612903,0.3548387096774194,0.0,0.06451612903225806,0.06451612903225806
0.23076923076923078,0.23076923076923078,0.3076923076923077,0.07692307692307693,0.07692307692307693,0.07692307692307693
0.25190839694656486,0.030534351145038167,0.022900763358778626,0.07633587786259542,0.46564885496183206,0.15267175572519084
0.4,0.2,0.1,0.0,0.3,0.0
0.4,0.2,0.1,0.0,0.3,0.0
0.3333333333333333,0.16666666666666666,0.0,0.0,0.16666666666666666,0.3333333333333333
0.0,0.08333333333333333,0.0,0.0,0.0,0.9166666666666666
0.17647058823529413,0.058823529411764705,0.47058823529411764,0.058823529411764705,0.17647058823529413,0.058823529411764705
0.3076923076923077,0.19230769230769232,0.3076923076923077,0.038461538461538464,0.15384615384615385,0.0
0.59375,0.09375,0.0,0.03125,0.0,0.28125
0.3684210526315789,0.10526315789473684,0.05263157894736842,0.42105263157894735,0.05263157894736842,0.0
0.16666666666666666,0.3333333333333333,0.16666666666666666,0.16666666666666666,0.16666666666666666,0.0
0.0,1.0,0.0,0.0,0.0,0.0
0.5294117647058824,0.11764705882352941,0.14705882352941177,0.11764705882352941,0.08823529411764706,0.0
0.2608695652173913,0.15217391304347827,0.21739130434782608,0.2608695652173913,0.10869565217391304,0.0
0.0,0.0,0.0,0.0,0.0,0.0
0.36619718309859156,0.23943661971830985,0.15492957746478872,0.07042253521126761,0.056338028169014086,0.11267605633802817
0.2857142857142857,0.22857142857142856,0.2571428571428571,0.08571428571428572,0.05714285714285714,0.08571428571428572
0.25,0.0,0.5,0.0,0.08333333333333333,0.16666666666666666
0.21428571428571427,0.14285714285714285,0.14285714285714285,0.35714285714285715,0.0,0.14285714285714285
0.38461538461538464,0.23076923076923078,0.15384615384615385,0.15384615384615385,0.0,0.07692307692307693
0.0,0.8,0.0,0.2,0.0,0.0
0.44,0.3,0.14,0.04,0.02,0.06
0.30303030303030304,0.18181818181818182,0.21212121212121213,0.15151515151515152,0.0,0.15151515151515152
0.375,0.1875,0.4375,0.0,0.0,0.0
0.25,0.125,0.125,0.25,0.125,0.125
0.21875,0.09375,0.21875,0.0,0.125,0.34375
0.14285714285714285,0.42857142857142855,0.2857142857142857,0.14285714285714285,0.0,0.0
0.35374149659863946,0.1836734693877551,0.35374149659863946,0.034013605442176874,0.034013605442176874,0.04081632653061224
0.3,0.3,0.3,0.0,0.0,0.1
0.15789473684210525,0.2631578947368421,0.4473684210526316,0.0,0.07894736842105263,0.05263157894736842
0.5,0.2222222222222222,0.05555555555555555,0.05555555555555555,0.0,0.16666666666666666
0.0,1.0,0.0,0.0,0.0,0.0
0.2,0.2,0.4,0.2,0.0,0.0
0.034482758620689655,0.41379310344827586,0.41379310344827586,0.0,0.0,0.13793103448275862
0.25,0.0,0.75,0.0,0.0,0.0
0.4,0.0,0.4,0.0,0.0,0.2
1.0,0.0,0.0,0.0,0.0,0.0
0.0,0.6666666666666666,0.1111111111111111,0.1111111111111111,0.1111111111111111,0.0
1.0,0.0,0.0,0.0,0.0,0.0
0.0,0.0,0.6,0.4,0.0,0.0
0.25,0.0,0.0,0.25,0.0,0.5
0.14285714285714285,0.14285714285714285,0.5714285714285714,0.14285714285714285,0.0,0.0
0.09090909090909091,0.18181818181818182,0.2727272727272727,0.18181818181818182,0.0,0.2727272727272727
0.46153846153846156,0.15384615384615385,0.3076923076923077,0.07692307692307693,0.0,0.0
0.0,0.0,0.5,0.5,0.0,0.0
0.0625,0.1875,0.75,0.0,0.0,0.0
0.0625,0.1875,0.75,0.0,0.0,0.0
0.32,0.08,0.04,0.28,0.2,0.08
0.46153846153846156,0.08791208791208792,0.38461538461538464,0.01098901098901099,0.02197802197802198,0.03296703296703297
0.0,0.0,1.0,0.0,0.0,0.0
0.0,0.0,0.0,0.0,0.0,0.0
0.4782608695652174,0.043478260869565216,0.30434782608695654,0.08695652173913043,0.043478260869565216,0.043478260869565216
0.0,0.0,1.0,0.0,0.0,0.0
0.16666666666666666,0.3333333333333333,0.16666666666666666,0.16666666666666666,0.16666666666666666,0.0
0.0,0.0,0.3333333333333333,0.6666666666666666,0.0,0.0
0.0,0.0,0.0,0.0,1.0,0.0
0.5,0.0,0.0,0.0,0.5,0.0
0.0,0.0,0.0,0.0,0.0,0.0
0.2909090909090909,0.34545454545454546,0.18181818181818182,0.09090909090909091,0.03636363636363636,0.05454545454545454
0.0,0.0,0.3333333333333333,0.3333333333333333,0.3333333333333333,0.0
0.5,0.0,0.0,0.0,0.0,0.5
0.4,0.0,0.4,0.2,0.0,0.0
0.3764705882352941,0.17647058823529413,0.23529411764705882,0.023529411764705882,0.08235294117647059,0.10588235294117647
